311232
049893
802016
757772
050754
447145
857240
512101
837376
320849
583712
053861
260367
701499
474416
462547
258602
252141
670766
760123
341655
929681
066450
138809
741299
235771
313877
972766
440216
929199
085371
755591
746899
859111
574523
460644
649357
931702
978540
346843
656681
356382
855921
391484
925927
082513
570681
446584
622269
225327
357773
563920
221733
982841
500564
684320
665793
314982
822583
893452
393414
169591
948148
363635
444357
443761
379305
574081
400675
546699
603489
612182
548676
388907
139584
234853
500854
745523
385222
866090
400921
577526
782341
492023
079549
869188
662570
701396
107496
000599
627068
820582
332270
380309
091356
207486
779333
387925
615032
962224
831861
011536
021048
690838
957799
747331
110977
162692
378963
706423
431665
138227
485446
337387
756317
315425
601007
763325
610279
741594
031826
868106
824471
371682
880375
937938
731642
209249
743347
395258
391020
856920
625742
696529
555209
101562
337328
833281
410877
322623
489194
293506
936776
198680
153645
025492
919205
747920
626639
236084
727808
820140
068256
009798
564097
108340
537570
180875
579750
060270
570694
365304
372462
511159
566117
824860
657689
185996
797935
619158
624342
924068
767945
183903
670175
206971
560416
333595
094372
179817
671725
819350
319591
038076
500596
084896
473218
692521
411156
992639
332678
441346
485723
055158
257009
644924
334926
082043
095490
006727
058214
822696
094978
593253
788270
430999
748278
753567
572604
681043
431406
767549
323751
128593
499943
827048
071113
718532
214345
274371
654120
269384
881226
989027
329708
083521
040827
234524
076065
083348
103722
469995
591214
268781
576548
867825
911359
483915
995802
292898
530519
284055
918786
566786
162624
832876
763066
952307
934868
962986
094030
387535
947766
103473
530070
246663
469053
767350
002093
381446
633361
519815
335379
223403
482129
692320
629328
173374
716021
197004
532504
016623
641110
674362
666147
008997
080504
338081
037386
544387
053625
567564
500975
033670
143433
391958
675538
999268
400774
744085
527505
701526
134448
152449
469621
215664
435819
515224
209350
144150
084429
467448
500062
510312
791875
237356
822897
851735
885343
661855
308340
031876
721637
669346
236211
828512
660326
726730
595309
363018
950336
944256
146490
673799
835466
368205
070622
961733
251750
713583
791896
785405
263264
235083
792671
021379
585384
561069
060682
744035
788705
336408
014396
204118
465583
944158
932517
009523
474487
198213
145420
984356
231703
859976
958848
978456
103480
577836
086376
502754
330625
615226
812456
466697
486460
817405
143102
814734
446685
339070
389438
811401
188832
925026
512726
661548
644892
377600
289667
401757
015893
171046
964878
304901
257367
294250
418342
068216
912146
224385
709587
185491
647014
403819
234015
965231
037773
922894
985939
707978
700235
186290
958499
205178
019957
830108
471762
306810
742287
083997
562402
813175
200129
516989
009804
033724
692731
605005
934740
767092
741897
957843
824123
332948
002875
631815
015813
981305
721780
537293
129996
288913
810682
844431
912477
294855
602915
000688
120142
056010
136028
366074
815931
820275
122550
395891
581816
015446
867929
707874
017931
327263
684473
430294
590617
375066
386770
147260
177426
803515
703352
055234
151372
632035
965410
806250
045640
601440
063224
062425
842338
838541
685554
391959
657421
524708
864540
521146
925720
860773
046394
942917
124951
390317
174456
096732
030108
494916
637213
233258
633256
042253
021383
262604
303958
203426
763090
191354
923264
465939
